25    25    49    49    24    24    28    28    2     2
0     1     0     1     0     1     0     1     0     1
59239 59048 40876 16977 67244 42927 52051 53157 48128 4373
306   306   220   126   294   196   339   367   245   215
4055  2012  2012  2006  1993  2121  2014  2006  2016  2009
2002  4070  4066  2012  4047  2905  4065  4054  4056  4068
1292  1370  986   1196  1276  1236  1264  1286  1072  606
1     1     1     1     1     1     1     1     1     1
2550  2012  2012  2     1993  2121  2014  2006  2016  2009
1     1401  1361  1     1     1661  1601  1521  1     1391
2002  4070  4066  2     2620  2905  4065  4054  2060  4068
1     1     1     1     1     1     1     1     1     1
1292  1370  986   2     1276  1236  1264  1286  1072  606
2900  1     1     1     1     1     1     1     1     1
4055  2012  2012  2006  1993  2121  2014  2006  2016  2009
1     1     1     1     3001  1     1     1     2101  1
2002  1140  1280  2012  4047  1620  1570  1110  4056  1320
1     1     1     1     1     1     1     1     1     1
1292  1370  986   1196  1276  1236  1264  1286  1072  606